function [A, B] = KS_coeffsMpause
% Import parameter constants for KS_BMPperp.
% 
% These coefficients describe the structure of the magnetopause in the Khurana and Schwarzl (2005)
% model.
%
% Returns
% -------
% A : double, 1x30
%   Magnetopause parameterization coefficients.
% B : double, 1x15
%   Magnetopause parameterization coefficients.

% Part of the PlanetMag framework for evaluation and study of planetary magnetic fields.
% Created by Corey J. Cochrane and Marshall J. Styczinski
% Maintained by Marshall J. Styczinski
% Contact: corey.j.cochrane@jpl.nasa.gov
%%%%%%%%%%%%%%%%%%%%%%%%%%%%%%%%%%%%%%%%

    A = [14.8636286417325     , ...
        -20.6733061430101     , ...
        -68.9799158183312     , ...
   	    -1.42668213471797D-006, ...
        -2.10151726837109D-004, ...
         7.79886406933501D-006, ...
   	     1.68914984127525D-008, ...
        -1.07213724493682D-007, ...
         5.22885344671751D-007, ...
   	    -4.46205598371400D-008, ...
         2.83331673403534D-007, ...
        -1.38338264037040D-006, ...
   	     7.94736850421990     , ...
         23.4906454129448     , ...
        -17.3725909963207     , ...
   	    -3.95338621079697D-004, ...
        -4.24194742905271D-003, ...
         1.92089873646750D-003, ...
   	    -6.94191156816239D-002, ...
        -0.170169494909972    , ...
        -0.171632981837208    , ...
   	     4.57144670517197D-009, ...
         6.53500870745233D-007, ...
         6.56440399411187D-007, ...
   	    -7.67358819268301D-002, ...
        -0.133394608915796    , ...
        -0.127893292811889    , ...
   	     3.60644094744725D-006, ...
         2.04677410835679D-005, ...
         3.26595444981956D-005];
    B = [32.9198722839323, ...
         64.1556701660173, ...
         128.854949951183, ... 
    	 30.4416656494141, ... 
         45.2417564392090, ...
         107.303962707520, ... 
         28.7235050200276, ...
         63.9741210937499, ...
         128.002441406250, ... 
         33.8896331786845, ...
         60.2880744933923, ...
         119.902839660605, ... 
         32.1036300655818, ...
         62.8152580261215, ...
         127.073867797851];
end
